id,predict_0,predict_1,predict_2
2,1.0,0.0,0.0
3,0.13896309523809522,0.6210369047619045,0.24
4,0.9689666666666666,0.019033333333333333,0.012
7,0.48951150793650805,0.4160780753968254,0.09441041666666665
9,0.037355595238095236,0.2989993546731046,0.6636450500888
10,0.9880833333333333,0.0052499999999999995,0.006666666666666667
11,0.5413819444444445,0.4586180555555555,0.0
12,0.19253602092352096,0.19996397907647903,0.6075
14,0.24008426226551227,0.7580824044011545,0.0018333333333333335
15,0.9523541666666667,0.04764583333333333,0.0
16,0.03981666666666666,0.8373309523809528,0.12285238095238099
17,0.6742589285714284,0.22911666666666664,0.09662440476190479
18,0.9997057291666667,0.00029427083333333334,0.0
21,0.09649207601811766,0.8340081920779839,0.06949973190389859
22,1.0,0.0,0.0
25,0.2840666666666666,0.647,0.06893333333333333
30,1.0,0.0,0.0
32,0.028856924152236653,0.9711430758477634,0.0
34,0.3983724714769356,0.33979134655027504,0.26183618197278913
35,0.07589151334776335,0.7822410617160618,0.14186742493617496
36,0.8289933035714286,0.17100669642857141,0.0
37,1.0,0.0,0.0
39,0.981164880952381,0.013180952380952382,0.005654166666666667
40,0.3016270599192475,0.658212060451123,0.040160879629629616
41,0.5371603549228546,0.4628396450771454,0.0
42,0.2602446947150072,0.7235165652056275,0.01623874007936508
45,0.30935565476190485,0.3873992063492062,0.30324513888888877
46,1.0,0.0,0.0
47,0.6966508364320863,0.2878925137362636,0.01545664983164983
48,0.1301308531746032,0.316591369047619,0.5532777777777775
50,0.5323067114016797,0.37394406094433663,0.09374922765398414
51,0.37911608859890117,0.608977227373321,0.011906684027777777
52,1.0,0.0,0.0
56,0.9260930555555557,0.07390694444444444,0.0
58,0.30064535383597896,0.6928240906084655,0.006530555555555556
62,1.0,0.0,0.0
63,1.0,0.0,0.0
65,0.09720204101454107,0.3592031641969143,0.5435947947885448
66,0.4821416666666667,0.07977212301587304,0.43808621031746037
70,0.4083007305194809,0.16576461940836923,0.4259346500721499
71,0.8482392857142858,0.11061488095238095,0.04114583333333333
72,0.0610003835978836,0.7799480291005291,0.1590515873015873
73,1.0,0.0,0.0
74,0.5625782738095237,0.43742172619047615,0.0
76,1.0,0.0,0.0
77,0.3331555420274171,0.5532411751443,0.11360328282828283
78,0.027165128968253974,0.36264650297619044,0.6101883680555554
82,0.06350871905871912,0.9029272116772125,0.03356406926406927
85,0.5336770833333331,0.1913039682539682,0.27501894841269836
86,1.0,0.0,0.0
87,0.6735018416768416,0.2807867775742774,0.04571138074888076
95,1.0,0.0,0.0
96,0.2670089285714286,0.029765151515151512,0.70322591991342
97,0.5218210164835155,0.3707963064713065,0.10738267704517694
98,1.0,0.0,0.0
100,0.99875,0.00125,0.0
101,0.7487700220633124,0.2512299779366871,0.0
102,1.0,0.0,0.0
103,0.5130214451058199,0.4586060350529099,0.02837251984126983
106,0.3046043650793653,0.2973301587301587,0.39806547619047616
108,0.16883310786435796,0.8311668921356419,0.0
109,0.9925499999999999,0.00745,0.0
110,0.5364327380952377,0.01,0.45356726190476193
113,0.5161231079684201,0.18202198131729372,0.30185491071428566
114,0.9055,0.0015,0.093
116,0.9137763888888888,0.03953085317460317,0.04669275793650793
117,0.17175,0.7422500000000001,0.086
118,0.4909574404761905,0.5057925595238094,0.00325
121,0.9004077876984127,0.09905054563492062,0.0005416666666666668
122,0.9435,0.044125000000000004,0.012375
123,0.954735119047619,0.019764642857142845,0.02550023809523808
124,1.0,0.0,0.0
126,0.5603522817460317,0.4396477182539684,0.0
127,0.4886249999999999,0.511375,0.0
128,0.6671790293040294,0.1768968495556731,0.15592412114029752
133,0.04502886904761904,0.8182977182539684,0.13667341269841268
136,0.1349048827908203,0.22840323600011103,0.6366918812090687
137,0.7211097806877217,0.27889021931227814,0.0
140,0.6293484126984128,0.37006825396825394,0.0005833333333333333
141,0.48617698412698407,0.5138230158730156,0.0
143,0.712525299237799,0.21233201335701332,0.07514268740518737
144,0.9965267857142858,0.003473214285714286,0.0
145,0.27435833333333337,0.04375416666666666,0.6818875
147,0.7614375,0.015717559523809526,0.2228449404761905
148,0.05465277777777777,0.9453472222222222,0.0
150,0.62718917348084,0.36880399230399225,0.004006834215167548
151,0.21027789625951385,0.3233751026887055,0.46634700105178073
153,0.8841244047619048,0.11487559523809523,0.001
155,0.9953296626984127,0.004670337301587302,0.0
156,0.21400000000000002,0.786,0.0
160,0.18579287101787106,0.5259977924852924,0.2882093364968365
163,0.11386697330447332,0.3100370941558442,0.5760959325396825
164,0.7687755952380952,0.23122440476190476,0.0
165,0.2071727224164724,0.7692339608308358,0.023593316752691752
166,0.895741272322289,0.10425872767771208,0.0
167,0.544646748004425,0.304679516014977,0.15067373598059788
168,1.0,0.0,0.0
169,0.8661583333333334,0.1327064484126984,0.001135218253968254
170,0.06137797619047619,0.04684464285714286,0.891777380952381
171,0.6218289682539682,0.37817103174603167,0.0
172,0.15969583333333334,0.22065787337662326,0.6196462932900431
173,0.14175000000000001,0.85575,0.0025
174,0.4861592509920635,0.35882564484126983,0.15501510416666667
175,0.8927916666666668,0.06790416666666667,0.03930416666666666
176,0.4110322802197802,0.2892192078754581,0.299748511904762
180,0.21602083333333327,0.009091666666666668,0.7748875
181,0.23274285714285714,0.45543749999999994,0.3118196428571428
182,0.12420396825396826,0.524449007936508,0.35134702380952376
185,0.9995861111111112,0.0004138888888888888,0.0
186,1.0,0.0,0.0
187,0.948719841269841,0.007941666666666666,0.043338492063492065
189,0.4609460441468254,0.4383125124007936,0.10074144345238097
192,0.1452193272005773,0.6606934704184706,0.1940872023809524
194,0.9044916666666668,0.09550833333333333,0.0
195,0.9328166666666665,0.06718333333333333,0.0
197,1.0,0.0,0.0
198,0.7186420414462081,0.2807468474426808,0.0006111111111111111
201,1.0,0.0,0.0
202,0.7225690476190476,0.2259642857142857,0.05146666666666667
203,0.9964,0.0017250000000000002,0.001875
205,0.9850833333333333,0.012805555555555554,0.0021111111111111113
208,0.5551273321416501,0.3934373374124371,0.051435330445912884
209,0.7597930555555557,0.24020694444444446,0.0
210,0.34610632275132275,0.26697087301587297,0.3869228042328042
211,0.9987535714285715,0.0006035714285714286,0.0006428571428571428
214,0.8378739728344482,0.16201060709179937,0.0001154200737534071
215,0.6393821261974906,0.1914056214426006,0.16921225235990853
216,0.5267390333071642,0.40922382542852737,0.06403714126430846
218,0.2775978535353538,0.7096700036075034,0.01273214285714286
219,0.2889298881673882,0.6264521554834055,0.08461795634920635
220,0.43468876123876143,0.34652802960927975,0.21878320915195926
222,0.42142964500776947,0.34411884712509677,0.2344515078671327
224,0.3610546672077923,0.5931390016233765,0.04580633116883117
226,0.9943655040611563,0.004987338748208313,0.0006471571906354515
228,0.24621774128649035,0.5058184405871902,0.24796381812631826
229,0.06837142857142857,0.36471206215149227,0.5669165092770793
230,0.5709132610445108,0.42908673895548854,0.0
231,0.9813611111111111,0.015500000000000002,0.0031388888888888894
232,0.9906215277777778,0.009378472222222224,0.0
233,1.0,0.0,0.0
235,0.9985333333333333,0.001466666666666667,0.0
236,1.0,0.0,0.0
237,0.6463170745920749,0.16576903651903654,0.18791388888888885
241,1.0,0.0,0.0
244,0.9881779761904763,0.01157202380952381,0.00025
245,0.662625385802469,0.33737461419753095,0.0
246,0.1955,0.804,0.0005
249,0.518283167989418,0.481716832010582,0.0
250,0.6273321770677242,0.312734410236754,0.059933412695522076
252,0.007175000000000001,0.9928250000000001,0.0
253,0.25020266172756994,0.008720482494425509,0.7410768557780043
254,0.6476644510582009,0.09740300925925925,0.2549325396825396
255,0.5703285063244045,0.4273772228422619,0.0022942708333333335
258,0.9721417658730158,0.009466751651126653,0.01839148247585748
261,0.17282090773809528,0.7987761160714285,0.028402976190476187
264,0.012087500000000001,0.05727812499999999,0.930634375
267,0.2487823822011322,0.7044134511322011,0.04680416666666666
268,0.8000577380952382,0.18041726190476196,0.019524999999999997
271,0.1491625,0.6979553571428572,0.15288214285714286
273,1.0,0.0,0.0
276,0.9931473214285714,0.006852678571428572,0.0
277,0.9821484523809524,0.01785154761904762,0.0
278,0.941690418435731,0.05824708156426907,6.25e-05
280,0.99495,0.00505,0.0
281,0.8477654040404041,0.15223459595959596,0.0
282,0.8069309523809524,0.1827982142857143,0.010270833333333333
283,0.321276678854284,0.5217068960539356,0.1570164250917804
285,0.5354743386243387,0.46452566137566126,0.0
286,0.9871895833333333,0.010560416666666666,0.00225
287,0.06533958333333334,0.7663791666666667,0.16828125000000002
288,0.7906966665279167,0.05429166666666667,0.15501166680541684
289,1.0,0.0,0.0
291,0.3530214285714286,0.08256845238095238,0.5644101190476191
294,0.3854045067473377,0.22780781644315642,0.3867876768095058
298,0.31771132544526987,0.4493524483353413,0.2329362262193888
301,0.9687719444444443,0.007785833333333334,0.023442222222222215
303,1.0,0.0,0.0
304,0.28902485119047616,0.710975148809524,0.0
305,0.37519355089355083,0.608825,0.015981449106449105
307,0.43321335177168513,0.2974168859799812,0.26936976224833376
308,0.3356251488095238,0.49509684378121865,0.16927800740925739
309,0.5319783252498531,0.33291689079952963,0.13510478395061729
310,0.16034033189033137,0.24382291666666672,0.595836751443001
311,0.4629733076529953,0.5083420325912514,0.0286846597557535
312,0.5057663584679208,0.43328747571872567,0.06094616581335329
314,1.0,0.0,0.0
316,0.23855354055666558,0.6531244273088023,0.10832203213453209
318,1.0,0.0,0.0
322,0.48121053483553483,0.4299709073334073,0.08881855783105781
324,0.987625,0.012375,0.0
325,0.289076698822011,0.27355106421356434,0.4373722369644243
326,0.7318735005445942,0.2681264994554058,0.0
328,0.12590882867132824,0.8713411713286711,0.00275
329,0.1255,0.56875,0.30575
330,0.6579589533730158,0.34204104662698415,0.0
331,1.0,0.0,0.0
332,1.0,0.0,0.0
333,0.49562939664502154,0.2971198074494949,0.20725079590548334
335,0.789875496031746,0.21012450396825397,0.0
336,0.8351132812499998,0.15139520089285713,0.013491517857142856
337,0.3658385912698412,0.6226614087301585,0.011500000000000002
340,0.07990848214285715,0.2985176587301588,0.621573859126984
342,0.04,0.0345,0.9255
344,0.997865601851852,0.0021343981481481483,0.0
346,0.994375,0.004083333333333334,0.0015416666666666667
347,0.6576939295658045,0.34184773710086214,0.00045833333333333343
349,0.9879617559523809,0.012038244047619048,0.0
351,0.620044246031746,0.37995575396825404,0.0
352,0.9999002976190476,9.970238095238096e-05,0.0
353,1.0,0.0,0.0
354,0.40986979166666665,0.5901302083333334,0.0
356,0.8794928571428572,0.12025714285714288,0.00025
359,0.002,0.996,0.002
361,0.5791010416666668,0.42089895833333324,0.0
362,0.9715760416666667,0.028423958333333332,0.0
365,0.8746120039682539,0.06658839285714288,0.05879960317460319
366,0.8457056592327425,0.14159044628211293,0.012703894485144487
367,0.10217909876501188,0.7867692042405163,0.11105169699447215
368,0.8225203621609877,0.1774796378390124,0.0
369,0.8740608560965177,0.1167680402930403,0.009171103610441846
370,0.4288085768398269,0.5711914231601734,0.0
372,0.7170433862433861,0.27656245490620485,0.006394158850408851
374,1.0,0.0,0.0
375,0.47223847222222226,0.19784969336219338,0.32991183441558447
376,0.1796821158008653,0.31588750000000004,0.5044303841991339
378,0.1886051599442221,0.5813118426712173,0.23008299738455956
380,0.9999583333333333,4.1666666666666665e-05,0.0
382,1.0,0.0,0.0
383,0.878599891774892,0.12140010822510826,0.0
384,0.9799357142857144,0.020064285714285715,0.0
386,0.3764922222222221,0.07538845238095238,0.5481193253968254
388,1.0,0.0,0.0
389,0.15207112829980457,0.46742106853522275,0.3805078031649729
390,0.9991770833333333,0.0008229166666666667,0.0
393,0.14276132286329657,0.7555626572306837,0.10167601990601988
394,0.33605069444444446,0.561127876984127,0.10282142857142856
395,0.41513474281163676,0.3033820213667373,0.2814832358216256
396,0.579120202020202,0.27095404040404036,0.1499257575757576
398,0.18380809867216114,0.6822789339133088,0.13391296741452993
399,0.4869963158369409,0.23317441829004337,0.2798292658730158
401,0.7852761093073589,0.18346399711399708,0.031259893578643595
402,0.7695000000000001,0.0017,0.2288
404,0.993563277082395,0.0064367229176052684,0.0
405,0.99553125,0.0044687500000000005,0.0
407,0.6857772023809524,0.3138727976190476,0.00035
410,0.6116235119047619,0.38837648809523806,0.0
414,0.39406080464674215,0.47060268065268057,0.13533651470057717
416,0.3785510055686928,0.3058101416712664,0.3156388527600397
418,1.0,0.0,0.0
419,0.35517586129148626,0.6207488140331889,0.024075324675324673
422,0.4055309978216236,0.5944690021783765,0.0
423,0.8829952380952382,0.11625476190476189,0.00075
425,1.0,0.0,0.0
426,0.953330671990047,0.046669328009953014,0.0
427,1.0,0.0,0.0
428,0.14779383992743367,0.8313210996468806,0.02088506042568543
431,0.7644297619047622,0.23557023809523803,0.0
433,0.7782714506172836,0.22171003086419747,1.8518518518518518e-05
434,0.9208343279736136,0.07916567202638633,0.0
435,1.0,0.0,0.0
436,1.0,0.0,0.0
440,0.964486111111111,0.03551388888888889,0.0
441,0.1835036458333333,0.28289517721861474,0.533601176948052
442,0.7574575892857144,0.22708199404761908,0.015460416666666667
443,0.9744000000000003,0.02196666666666667,0.0036333333333333335
445,0.35018258928571433,0.4508254616910867,0.19899194902319906
448,0.3302877006673882,0.3073502480158731,0.3623620513167388
451,0.3710045705451954,0.6250524235024235,0.003943005952380953
454,0.19187784992784995,0.10613890692640683,0.7019832431457436
456,0.9216416666666667,0.07835833333333334,0.0
457,0.02252482638888889,0.05009171626984127,0.9273834573412698
458,0.6514636904761905,0.19718002645502647,0.1513562830687831
459,1.0,0.0,0.0
460,0.2500207341269841,0.3234416666666666,0.42653759920634937
461,0.27633548237476807,0.605812048814281,0.11785246881095099
463,0.8124963293650789,0.18750367063492068,0.0
464,0.4253520613645612,0.2103412698412698,0.3643066687941691
467,0.4348794642857143,0.41883511904761905,0.14628541666666667
468,0.6158571969696969,0.38414280303030285,0.0
471,0.5757261904761904,0.3886666666666666,0.03560714285714285
473,0.6786390873015873,0.028745337301587293,0.29261557539682537
475,0.88175,0.0426875,0.0755625
476,0.43944467446844104,0.12893073161913626,0.43162459391242286
478,0.09462738997113998,0.39672463023088034,0.5086479797979798
481,0.39904226190476183,0.2122293650793651,0.38872837301587304
482,0.98,0.001,0.019
483,0.4977842622655121,0.5022157377344876,0.0
485,0.99175,0.00425,0.004
490,0.9999642857142857,3.571428571428572e-05,0.0
493,0.9977083333333333,0.0022916666666666667,0.0
494,0.9118375,0.07628750000000001,0.011875
508,0.142,0.858,0.0
509,0.9563381944444445,0.020315426587301583,0.023346378968253964
510,0.9995,0.0005,0.0
511,0.992625,0.007375,0.0
512,0.8781622603091348,0.12183773969086427,0.0
513,0.2897474596583972,0.1437392538017538,0.566513286539849
514,0.3208773082819956,0.6791226917180043,0.0
516,0.8413529761904761,0.1586470238095238,0.0
517,0.16991857142857147,0.2517379437229436,0.5783434848484847
518,0.8737671626984127,0.1262328373015873,0.0
520,0.35640744047619044,0.3593976190476191,0.28419494047619054
521,0.8198306505041802,0.18016934949582017,0.0
522,0.8795606071428571,0.11869439285714284,0.0017450000000000007
523,0.2092291666666667,0.191,0.5997708333333334
524,0.9994999999999999,0.0005,0.0
525,0.6632790185508936,0.31624023892773895,0.020480742521367522
526,0.15024582101925854,0.46841227123570817,0.38134190774503257
527,0.08426962039091046,0.5816017918106815,0.3341285877984077
528,0.17302523148148144,0.18393040235227728,0.6430443661662412
529,0.8377726190476189,0.1330115620490621,0.029215818903318896
530,0.12121969246031747,0.2655823502886001,0.6131979572510822
531,1.0,0.0,0.0
534,0.3164421130952381,0.6835578869047619,0.0
535,0.09311487950706676,0.631968841459466,0.274916279033466
536,1.0,0.0,0.0
537,0.28936565055315056,0.6834350995069745,0.02719924993987494
538,0.17292851890756303,0.8182717174369748,0.008799763655462185
539,0.6014717716053726,0.10051408885608291,0.2980141395385444
540,0.9769333333333333,0.005775000000000001,0.017291666666666664
542,0.058,0.94075,0.00125
545,0.5781191220238096,0.3924385168650793,0.029442361111111114
546,0.5616160714285715,0.43688392857142844,0.0015
547,1.0,0.0,0.0
548,0.02447083333333333,0.9755291666666667,0.0
551,0.9982558892496393,0.0017441107503607504,0.0
554,0.007958333333333333,0.789353869047619,0.2026877976190476
556,0.05775,0.01375,0.9285
557,0.9515302083333335,0.04846979166666667,0.0
559,0.9552767857142856,0.04472321428571429,0.0
560,0.34980416666666675,0.06494583333333334,0.58525
562,0.9999583333333334,4.1666666666666665e-05,0.0
563,0.24734032507206336,0.2413873727943063,0.5112723021336302
564,0.9043493177574061,0.0938825895509719,0.0017680926916221033
565,0.49789523809523817,0.4204630952380951,0.08164166666666667
566,0.17422098091859115,0.4348231761498307,0.39095584293157815
567,0.22645670745974578,0.23731136756264024,0.5362319249776134
568,0.6892289682539683,0.3008384700176367,0.00993256172839506
571,0.4240080762987014,0.36858329274891766,0.20740863095238105
572,0.6224127840909089,0.3775872159090906,0.0
573,0.2705569226385501,0.7291930773614498,0.00025
574,0.7989416666666667,0.19983333333333334,0.001225
577,0.7640444444444445,0.23595555555555553,0.0
578,0.9206499999999999,0.06041666666666667,0.018933333333333333
579,0.9999750000000001,2.5e-05,0.0
582,0.027051235569985572,0.48590615079365074,0.4870426136363637
584,0.38196309523809524,0.6153761904761907,0.002660714285714286
586,0.675425,0.28257499999999997,0.042
587,0.38522629367160627,0.4225316733613607,0.19224203296703296
589,0.5021964736652238,0.05571577380952382,0.44208775252525256
590,0.547601388888889,0.40931944444444457,0.04307916666666666
591,0.9987846445867138,0.0012153554132861891,0.0
592,0.4845288541807229,0.24790159847528098,0.26756954734399596
593,0.06119613095238094,0.8855568452380952,0.05324702380952382
595,0.09726666666666667,0.49915,0.40358333333333335
596,0.7807708714029027,0.10192454177766677,0.11730458681943057
597,0.5522880952380953,0.4309642857142858,0.016747619047619046
598,0.08997803773607342,0.9099148194067838,0.00010714285714285715
600,1.0,0.0,0.0
602,0.5965833333333332,0.386675,0.01674166666666667
606,0.2946651352120102,0.13809677128427128,0.5672380935037183
607,0.7284032738095239,0.23318005952380955,0.03841666666666667
609,0.2671010416666667,0.7328989583333333,0.0
610,0.5379664930555557,0.44848954613095227,0.013543960813492061
611,0.4413559523809525,0.5078876984126984,0.050756349206349194
612,0.8416839962121213,0.1583160037878788,0.0
613,1.0,0.0,0.0
614,0.6174066604337238,0.382593339566276,0.0
617,0.9103754630650346,0.08253786238174092,0.007086674553224551
619,0.0215,0.893,0.0855
620,0.01909375,0.322125,0.65878125
621,0.38409895174270176,0.38402157738095233,0.23187947087634592
625,0.12381428571428574,0.33448596938775516,0.5416997448979592
627,0.5258646034521035,0.3099830898268399,0.1641523067210567
628,0.7248333333333332,0.05970833333333333,0.21545833333333334
629,0.21606697315030635,0.5427349592537092,0.24119806759598403
631,0.17674311186737537,0.28826623845319005,0.534990649679434
632,0.1591154761904762,0.5968398809523809,0.24404464285714286
633,1.0,0.0,0.0
635,0.2861414174079459,0.4604563251827905,0.25340225740926364
639,0.8143958333333334,0.07915,0.10645416666666667
641,0.4459304067460317,0.5530550099206349,0.0010145833333333333
642,0.492345560515873,0.3385482390873016,0.1691062003968254
643,0.1615305555555556,0.25092817460317457,0.5875412698412698
644,0.3486627976190476,0.6513372023809523,0.0
645,0.586375,0.41362499999999996,0.0
647,0.33798442460317424,0.11187390873015875,0.5501416666666669
648,0.719838988095238,0.2801610119047619,0.0
649,0.2857077380952381,0.7142922619047618,0.0
650,0.0005,0.7534855699855693,0.24601443001442902
652,0.34133571428571435,0.6386642857142858,0.02
653,0.3770486053298554,0.5330841613247865,0.08986723334535833
654,0.809988392857143,0.10078184523809525,0.08922976190476192
655,0.24200767195767195,0.7513506613756613,0.006641666666666667
658,0.43993834616001287,0.3438444735048901,0.21621718033509701
659,1.0,0.0,0.0
661,0.40119101631393295,0.5929314153439154,0.005877568342151675
664,0.4028834028477433,0.17324185726339375,0.42387473988886265
666,0.5448297619047618,0.4551702380952382,0.0
667,1.0,0.0,0.0
668,1.0,0.0,0.0
669,0.9027065476190477,0.09729345238095238,0.0
670,0.8751570474664225,0.11402146481990233,0.010821487713675214
671,1.0,0.0,0.0
672,1.0,0.0,0.0
673,0.3324022734210234,0.4447176302863799,0.2228800962925957
674,0.8783931547619046,0.12160684523809526,0.0
675,0.25465173252673284,0.3867469780219784,0.3586012894512893
676,0.4839979797979798,0.4514754689754691,0.06452655122655122
677,0.47526904761904776,0.5247309523809522,0.0
685,0.6646958333333333,0.21673571428571428,0.11856845238095237
686,0.9291806183320093,0.031822628855940865,0.03899675281205009
688,1.0,0.0,0.0
689,0.07474694940476191,0.4712083671536797,0.4540446834415584
690,0.13284583333333336,0.22694404761904763,0.640210119047619
692,0.808998544973545,0.03214451058201059,0.15885694444444443
694,0.2633622271825396,0.6178629047168109,0.11877486810064934
695,0.886278869047619,0.11372113095238094,0.0
696,0.31138035714285706,0.49833591269841293,0.19028373015873026
697,0.06755731646825397,0.10166622023809524,0.8307764632936507
699,0.36083515201778077,0.34971376394234843,0.2894510840398707
700,0.2707249999999999,0.7262750000000002,0.003
701,0.9440895833333334,0.023950297619047618,0.03196011904761905
704,0.8396666666666668,0.16033333333333336,0.0
705,0.8365,0.16325,0.00025
706,0.6370423517454766,0.14797364059551557,0.21498400765900774
707,0.6664748511904762,0.3335251488095238,0.0
708,0.09911780303030303,0.020749999999999998,0.8801321969696969
709,0.14864742063492054,0.8041462301587301,0.04720634920634921
710,0.3029500000000001,0.26915049603174607,0.4278995039682539
711,0.6329167906746032,0.21869918154761908,0.1483840277777778
712,0.9667208333333334,0.008979166666666667,0.024300000000000002
713,0.27304668447871583,0.7269533155212843,0.0
717,1.0,0.0,0.0
718,0.5538361111111111,0.4416708333333334,0.004493055555555556
719,0.5328496839698897,0.08000038298403227,0.3871499330460774
723,0.9739409722222222,0.02555902777777778,0.0005
724,0.9998611111111112,0.0001388888888888889,0.0
725,0.6997782738095238,0.2103363095238095,0.08988541666666665
726,0.8731791666666667,0.11657083333333333,0.01025
728,0.2812619047619048,0.7033654761904762,0.015372619047619046
729,0.14416988861832614,0.8397939484126984,0.01603616296897547
730,0.9890554315476191,0.010444568452380952,0.0005
735,0.7750980914918415,0.22490190850815842,0.0
736,0.29547331349206357,0.39827499999999993,0.30625168650793644
737,0.23902631448412698,0.06779211309523811,0.6931815724206349
738,0.737532774170274,0.26171722582972606,0.00075
739,0.8783983516483517,0.07980061050061052,0.04180103785103786
743,0.9185,0.08059583333333334,0.0009041666666666667
744,0.7059124999999999,0.15553333333333333,0.13855416666666667
746,0.7822761904761907,0.20111547619047615,0.01660833333333333
749,0.6122875,0.38760138888888895,0.00011111111111111112
750,0.10441249999999999,0.7675130952380952,0.12807440476190474
751,0.1871499999999999,0.6707964285714287,0.14205357142857142
753,0.9323845238095237,0.057615476190476196,0.01
754,0.8396494047619049,0.15469642857142854,0.005654166666666667
756,0.8728306478243977,0.12716935217560218,0.0
757,0.6028333333333333,0.39516666666666667,0.002
758,0.41156661706349207,0.5733977678571429,0.01503561507936508
759,0.2484691737173645,0.6387261302071061,0.11280469607552944
760,0.3706666666666667,0.62165,0.007683333333333333
761,0.08126659226190477,0.6979158110119047,0.2208175967261905
762,0.12166858974358975,0.8774083333333333,0.0009230769230769232
763,1.0,0.0,0.0
764,0.9658,0.013808333333333334,0.020391666666666666
765,0.7287481932045351,0.12627100823445797,0.1449807985610069
767,1.0,0.0,0.0
770,0.43823333333333336,0.4560375,0.10572916666666668
771,0.17080154581529583,0.37062414682539685,0.4585743073593075
773,0.39344489856682907,0.57987579046636,0.026679310966810935
774,1.0,0.0,0.0
775,0.43810833333333327,0.2483327380952381,0.31355892857142864
776,0.3137514880952381,0.09347986111111112,0.5927686507936508
779,1.0,0.0,0.0
781,0.03489285714285715,0.13317943722943718,0.8319277056277056
782,0.0016875,0.40387499999999993,0.5944375
783,0.4545111111111108,0.5439888888888892,0.0015
785,1.0,0.0,0.0
786,1.0,0.0,0.0
790,0.4152526785714285,0.08602616341991341,0.498721158008658
791,0.6926007936507936,0.18498253968253967,0.12241666666666667
792,1.0,0.0,0.0
793,0.8130708333333336,0.18356815476190463,0.0033610119047619044
798,0.03558214285714286,0.5126464285714285,0.4517714285714286
799,0.8128255952380952,0.18717440476190475,0.0
800,1.0,0.0,0.0
801,0.964,0.036,0.0
802,0.42517359219459155,0.0985964941351647,0.4762299136702434
803,0.823060119047619,0.06243988095238094,0.11449999999999999
804,0.9481959215167548,0.05180407848324515,0.0
805,0.29841709656084653,0.5370237764550265,0.16455912698412703
806,0.35174175364565996,0.27080259159243536,0.3774556547619048
807,0.5796907033690515,0.2638854913687503,0.156423805262198
808,0.8950249313186811,0.10497506868131855,0.0
814,0.5957904761904762,0.042766666666666675,0.3614428571428572
815,1.0,0.0,0.0
816,0.3143944444444443,0.6758555555555557,0.00975
817,0.7567664682539683,0.23295019841269804,0.010283333333333334
819,0.241122619047619,0.5511371031746035,0.2077402777777777
820,0.7493030753968252,0.2170412910618793,0.03365563354129532
823,0.2951011904761905,0.40562797619047614,0.2992708333333334
824,0.6081916666666667,0.3918083333333333,0.0
825,0.83075,0.06725,0.102
826,1.0,0.0,0.0
828,0.41447559523809474,0.571026984126984,0.014497420634920636
829,1.0,0.0,0.0
830,0.9881875,0.0118125,0.0
832,0.6357559523809524,0.3642440476190476,0.0
833,0.2524219246031747,0.2488525162337661,0.4987255591630593
834,0.18834254847335202,0.4178552203515439,0.3938022311751042
835,0.6215034663655686,0.21333633310726116,0.16516020052717034
837,0.9996666666666667,0.0003333333333333333,0.0
838,0.12361686507936512,0.1784498015873018,0.6979333333333334
842,1.0,0.0,0.0
844,0.41314166666666674,0.5868583333333334,0.0
846,0.2450653769841271,0.05234090909090908,0.7025937139249641
847,0.3544706597222222,0.6232708130411255,0.02225852723665224
848,0.75185,0.13928333333333334,0.10886666666666667
849,0.9972142857142858,0.0012301587301587304,0.0015555555555555557
851,0.4124321924603174,0.5875678075396826,0.0
852,1.0,0.0,0.0
854,0.5106569097475946,0.30154444222065707,0.18779864803174828
857,0.5015,0.4985,0.0
860,0.37575903332778265,0.6242409666722168,0.0
861,0.39239513888888883,0.3612977926587301,0.24630706845238093
862,0.7737583333333333,0.1956,0.030641666666666668
863,0.923548611111111,0.06922392676767677,0.0072274621212121215
864,0.9802382289279348,0.013745766488413549,0.006016004583651643
865,0.5027236961598072,0.47076308562836333,0.026513218211829323
867,0.8354137896825398,0.16458621031746032,0.0
868,0.99875,0.00125,0.0
872,0.15257031024531023,0.4475769119769119,0.3998527777777777
875,0.5380250000000001,0.293725,0.16825
876,1.0,0.0,0.0
877,0.32146792328042334,0.6060035218832093,0.07252855483636733
879,0.31221279761904763,0.6877872023809524,0.0
880,0.9777500000000001,0.004875,0.017375
882,0.8505,0.149375,0.000125
884,0.35875433545597796,0.6401623312106888,0.0010833333333333335
887,1.0,0.0,0.0
889,0.9997500000000001,0.00025,0.0
890,0.050258768083768085,0.6252724984506233,0.32446873346560845
891,1.0,0.0,0.0
894,0.5598059341503632,0.4193783538011548,0.02081571204848271
895,0.7791491071428571,0.22085089285714288,0.0
898,0.9914999999999999,0.0085,0.0
899,0.9997916666666667,0.00020833333333333335,0.0
904,0.5875291666666667,0.41027500000000017,0.0021958333333333335
907,0.013229166666666667,0.8962125000000001,0.09055833333333335
908,0.12552207385568162,0.783289378378913,0.09118854776540514
910,0.5389181482453917,0.20870001968618695,0.2523818320684209
911,0.48340568783068794,0.5005038359788361,0.016090476190476193
913,1.0,0.0,0.0
915,0.9006188762626262,0.05596716269841269,0.04341396103896105
916,0.846881560713592,0.15311843928640803,0.0
919,0.9777499999999999,0.019541666666666666,0.0027083333333333334
921,0.9146142857142856,0.06393571428571428,0.02145
923,0.6512790343915345,0.34872096560846555,0.0
925,0.9916061011904761,0.00839389880952381,0.0
927,0.009237500000000001,0.9846583333333334,0.006104166666666667
930,0.8506874999999999,0.038108333333333334,0.11120416666666669
931,0.9951041666666667,0.004895833333333333,0.0
932,0.9992604166666665,0.0007395833333333333,0.0
933,0.2074758332548895,0.7752038997488059,0.017320266996304613
934,0.6108996279761905,0.38910037202380954,0.0
935,0.09652745984611782,0.2766546171863267,0.6268179229675551
936,0.904,0.096,0.0
937,0.13023983134920636,0.2568590545738984,0.6129011140768954
939,0.3029504238816739,0.16673454184704178,0.5303150342712846
940,0.018375,0.981625,0.0
941,0.656895238095238,0.3430492063492065,5.555555555555556e-05
942,0.9877488095238095,0.012251190476190475,0.0
944,1.0,0.0,0.0
945,0.7585026785714285,0.2414973214285714,0.0
947,0.2600426316738818,0.17093650793650803,0.5690208603896099
950,0.9802575351731603,0.01974246482683983,0.0
951,0.1458416666666665,0.8456583333333331,0.0085
953,0.8707511904761905,0.12924880952380954,0.0
955,0.6020953373015873,0.3979046626984127,0.0
956,0.4217464285714286,0.15531190476190476,0.4229416666666667
960,0.33800410414238546,0.3672661231129982,0.29472977274461637
962,1.0,0.0,0.0
963,0.9989583333333333,0.0007500000000000001,0.0002916666666666667
964,0.9902294642857142,0.009770535714285714,0.0
965,0.4663922619047619,0.24036562499999997,0.29324211309523807
966,1.0,0.0,0.0
970,0.8989481812169312,0.10105181878306874,0.0
973,0.10895833333333332,0.8910416666666667,0.0
974,0.9299290178571429,0.07007098214285715,0.0
976,1.0,0.0,0.0
977,0.3298545812983313,0.352643877997003,0.3175015407046657
979,0.0664402777777778,0.6413112103174603,0.29224851190476187
981,0.7657440476190476,0.22838789682539673,0.005868055555555557
982,0.8842541666666665,0.11412083333333328,0.001625
983,1.0,0.0,0.0
985,0.377675,0.3163810266122766,0.3059439733877235
986,0.45755248015873007,0.29683531746031744,0.24561220238095238
987,0.13821331845238094,0.6510648065476192,0.210721875
990,0.9993148015873017,0.0006851984126984127,0.0
993,0.429375,0.507125,0.0635
994,0.9506472911449934,0.021372834849994724,0.02797987400501187
995,0.1302267857142857,0.32716845238095243,0.5426047619047618
996,1.0,0.0,0.0
997,0.15069306364931362,0.7950380077792579,0.05426892857142857
1000,0.10341150793650794,0.8670771825396825,0.029511309523809533
1001,0.7167458333333334,0.12725416666666667,0.156
1004,0.06012702621452622,0.914979283910534,0.024893689874939885
1007,0.6905,0.30745,0.0020499999999999997
1008,0.6597097222222224,0.28913759920634924,0.05115267857142857
1009,0.34,0.6595,0.0005
1010,0.7685,0.22599999999999998,0.0055
1011,1.0,0.0,0.0
1012,0.8789850023597731,0.12101499764022726,0.0
1013,0.787952777777778,0.21129722222222225,0.0007500000000000001
1016,1.0,0.0,0.0
1017,0.9723333333333335,0.027666666666666673,0.0
1018,0.32462923881673883,0.21206867784992778,0.4633020833333334
1021,0.9998750000000001,0.000125,0.0
1023,0.8520061192279943,0.071704080988456,0.0762897997835498
1024,0.9994999999999999,0.0005,0.0
1025,0.11450942460317458,0.07074097222222221,0.8147496031746032
1026,0.12781472416472373,0.8720602758352758,0.000125
1027,0.6358373254060755,0.3641626745939241,0.0
1029,1.0,0.0,0.0
1032,0.5553016774891777,0.44469832251082264,0.0
1033,1.0,0.0,0.0
1034,0.4804166666666667,0.5193333333333333,0.00025
1036,0.7077352633477632,0.1552788352272728,0.13698590142496392
1037,0.91296875,0.08703125,0.0
1038,0.9650974702380952,0.03490252976190476,0.0
1039,0.1614892361111111,0.47735906015281,0.3611517037360788
1041,0.029051190476190474,0.449925,0.5210238095238096
1042,0.9729270833333333,0.02707291666666667,0.0
1043,0.4468033639163146,0.5476903246702313,0.005506311413454271
1045,0.917193235930736,0.065180772005772,0.017625992063492062
1049,1.0,0.0,0.0
1052,0.99505,0.0043,0.00065
1053,0.00025,0.9878496031746032,0.011900396825396824
1055,1.0,0.0,0.0
1056,0.30476853174096397,0.3979561144425509,0.2972753538164852
1057,0.9705071269218184,0.02836787307818174,0.0011250000000000001
1058,0.37160104166666663,0.6283989583333334,0.0
1059,0.8796062191924489,0.1203937808075514,0.0
1060,0.41688766233766206,0.5694652958152958,0.013647041847041847
1061,0.11496666666666666,0.08182500000000001,0.8032083333333333
1062,0.2758422619047619,0.716074404761905,0.008083333333333335
1063,0.12812038621101116,0.6273042359261108,0.24457537786287778
1066,1.0,0.0,0.0
1067,1.0,0.0,0.0
1068,0.09679166666666672,0.8245,0.07870833333333331
1073,0.16245000000000004,0.026241666666666667,0.8113083333333334
1074,0.6716269638347763,0.3248368754509379,0.0035361607142857143
1075,0.5551041666666666,0.44277083333333334,0.002125
1076,0.5128770833333334,0.211025,0.2760979166666667
1078,0.9603464285714286,0.039153571428571426,0.0005
1081,0.99975,0.00025,0.0
1082,0.32435254554473303,0.10550247113997113,0.5701449833152958
1083,1.0,0.0,0.0
1084,0.7822083333333334,0.21754166666666666,0.00025
1088,0.3284086309523809,0.5709375000000002,0.10065386904761903
1089,0.7221336895743149,0.2778663104256853,0.0
1091,0.1598841244692807,0.8158339401050339,0.024281935425685425
1092,0.8395,0.16025,0.00025
1093,1.0,0.0,0.0
1095,0.24305833333333332,0.7564416666666666,0.0005
1096,0.23293750000000002,0.4591208333333333,0.30794166666666667
1099,0.8756462098665225,0.12435379013347733,0.0
1100,0.9999090909090907,9.090909090909092e-05,0.0
1106,0.009054464285714285,0.36852768965291516,0.6224178460613707
1109,0.30420436507936505,0.6948373015873016,0.0009583333333333335
1113,1.0,0.0,0.0
1114,0.6712347222222221,0.3285986111111111,0.00016666666666666666
1119,1.0,0.0,0.0
1121,0.8422347883597884,0.09016772486772485,0.06759748677248677
1122,0.336922619047619,0.6630773809523808,0.0
1123,0.7020500000000001,0.29195000000000004,0.006
1124,0.5769992536976911,0.42300074630230877,0.0
1125,0.18916949985778103,0.14775279633560873,0.66307770380661
1127,0.2582074855699855,0.6816217622655116,0.06017075216450217
1128,0.9014827777777777,0.09851722222222221,0.0
1129,0.8196041666666666,0.18039583333333334,0.0
1130,0.4336667953342954,0.523135832531666,0.043197372134038806
1133,0.5096380952380953,0.40813392857142855,0.0822279761904762
1135,0.11512083333333333,0.727932738095238,0.15694642857142854
1138,0.14712914261664264,0.13045398686961193,0.7224168705137459
1139,0.3354298250360749,0.5881902056277056,0.07637996933621934
1140,0.33984612268518516,0.23031356646825393,0.42984031084656094
1141,1.0,0.0,0.0
1145,0.14291547619047623,0.8433333333333333,0.013751190476190476
1146,0.7103848214285714,0.24230610119047616,0.04730907738095237
1147,0.9898333333333333,0.010166666666666668,0.0
1149,0.6084041666666666,0.3820958333333333,0.0095
1150,0.38117499999999993,0.6147476190476191,0.004077380952380952
1151,0.8585467816148206,0.13705738505184614,0.004395833333333333
1153,0.2620542297979798,0.30088882575757586,0.4370569444444445
1155,0.8668424769674778,0.13315752303252285,0.0
1156,0.4466341465247716,0.552631131253006,0.0007347222222222221
1157,0.99350625,0.0001875,0.006306249999999999
1158,0.7573784166065415,0.2426215833934584,0.0
1160,1.0,0.0,0.0
1161,0.34037083333333334,0.08764464285714285,0.5719845238095238
1163,0.6703828539711739,0.32952486793654834,9.227809227809229e-05
1167,1.0,0.0,0.0
1168,0.999659375,0.000340625,0.0
1169,0.04425992965367966,0.6228295078763825,0.33291056246993744
1170,0.3851374188311691,0.036213131313131315,0.5786494498556999
1173,0.9026148989898991,0.09137141053391054,0.006013690476190475
1174,0.2868834413437092,0.41622075839174044,0.2968958002645502
1175,0.5344753276815776,0.4654459686147187,7.870370370370372e-05
1176,0.6652684523809523,0.12183396577380953,0.2128975818452381
1178,0.059875,0.092675,0.84745
1179,1.0,0.0,0.0
1180,0.93275,0.06725,0.0
1181,0.9039169610635253,0.09608303893647584,0.0
1182,0.5696808301941113,0.4257284241799866,0.004590745625901876
1183,1.0,0.0,0.0
1185,0.842535119047619,0.15746488095238106,0.0
1186,0.8290889880952378,0.17091101190476193,0.0
1187,0.9909232142857143,0.0037892857142857142,0.0052875000000000005
1188,1.0,0.0,0.0
1189,0.5807854166666666,0.41848541666666667,0.0007291666666666666
1190,0.2367588541666667,0.4844025361790986,0.27883860965423457
1191,0.1448383350567561,0.44211726190476214,0.4130444030384818
1192,0.31848812379749863,0.674493820646946,0.007018055555555555
1195,0.5581125,0.22474464285714288,0.21714285714285717
1198,0.9097071428571429,0.05023888888888889,0.04005396825396826
1199,0.7908333333333333,0.20916666666666667,0.0
1200,0.6692613095238095,0.07141666666666666,0.2593220238095238
1201,0.3713415873015873,0.23476514550264552,0.39389326719576717
1202,1.0,0.0,0.0
1204,0.6451499999999999,0.014216666666666666,0.34063333333333334
1206,0.32010218253968253,0.567544246031746,0.11235357142857143
1208,1.0,0.0,0.0
1209,0.5655275342712842,0.409366580988456,0.025105884740259737
1212,1.0,0.0,0.0
1219,0.9952444454850706,0.004755554514929515,0.0
1220,0.37782911717911716,0.6217525060257204,0.0004183767951625094
1221,0.20280922765506101,0.6603471287662955,0.1368436435786436
1224,0.99950625,0.00049375,0.0
1227,1.0,0.0,0.0
1229,1.0,0.0,0.0
1230,0.99925,0.00075,0.0
1231,0.03803124999999999,0.9071383928571429,0.054830357142857146
1232,0.9986347222222222,0.001365277777777778,0.0
1233,0.4241366815476191,0.1810404017857142,0.3948229166666667
1234,0.26525547206217015,0.19779557859503508,0.5369489493427942
1237,0.5109816287878788,0.48889337121212134,0.000125
1238,0.8538125,0.1461875,0.0
1240,0.15567150748557004,0.7415223417207791,0.10280615079365081
1243,0.8916795203578095,0.10832047964219009,0.0
1245,0.48746223934018057,0.4767883150482415,0.035749445611577974
1246,0.3882085813492064,0.34239588293650797,0.2693955357142857
1249,0.9823962519933082,0.01760374800669216,0.0
1250,0.8834375,0.11631250000000001,0.00025
1252,0.8208098457965646,0.1773359875367687,0.0018541666666666667
1253,0.35266039928719145,0.2284182647417939,0.4189213359710143
1254,0.9479708032708031,0.052029196729196724,0.0
1256,0.8080368055555556,0.024048809523809524,0.16791438492063487
1259,0.11371507936507937,0.48997718253968253,0.39630773809523806
1260,0.6096361607142857,0.3903638392857142,0.0
1261,0.99945,0.00055,0.0
1263,0.9951666666666668,0.004833333333333333,0.0
1267,0.2073875,0.733160615079365,0.059451884920634926
1268,0.963191111111111,0.036542222222222226,0.0002666666666666667
1270,0.8229919169372298,0.17700808306277033,0.0
1272,0.4263952466446953,0.5090305051941952,0.06457424816110963
1273,0.905617509920635,0.09438249007936506,0.0
1275,0.17006994047619048,0.2966407738095238,0.5332892857142857
1276,0.7149232896929314,0.12580672600439904,0.15926998430266945
1277,0.38860833333333333,0.4249541666666667,0.18643749999999998
1278,0.5882495163690475,0.06642517361111111,0.3453253100198413
1279,0.27,0.6185,0.1115
1280,0.4580620716089466,0.37619877495189996,0.16573915343915346
1281,0.976375,0.023625,0.0
1285,0.9975703869047619,0.0024296130952380954,0.0
1286,0.67711875,0.03274350024975026,0.2901377497502497
1287,0.6621313155594402,0.3378686844405592,0.0
1288,1.0,0.0,0.0
1289,0.999875,0.000125,0.0
1290,1.0,0.0,0.0
1291,0.5222958333333333,0.4524541666666667,0.02525
1292,0.885,0.115,0.0
1293,1.0,0.0,0.0
1294,0.2601980099761349,0.3336280853405853,0.4061739046832796
1297,0.8032715029761904,0.19672849702380954,0.0
1298,0.0225,0.971125,0.006375
1300,0.3760386739417991,0.6129959220177968,0.01096540404040404
1301,0.9999166666666667,8.333333333333333e-05,0.0
1302,0.7972136967573545,0.20278630324264504,0.0
1303,0.6299797923119,0.36342483731772945,0.006595370370370371
1304,0.9152756899350649,0.06798171897546898,0.016742591089466092
1305,0.07689188988095237,0.4108324686598124,0.5122756414592353
1306,0.97925,0.020749999999999998,0.0
1307,0.25432710813492065,0.2798228918650793,0.46584999999999993
1311,0.9555,0.0445,0.0
1313,0.24918610833610866,0.10635752511377476,0.6444563665501166
1315,0.8399469479447724,0.16005305205522846,0.0
1316,0.8281675595238094,0.17158244047619048,0.00025
1317,0.3933522546897546,0.2362197661135161,0.37042797919672915
