id,predict_0,predict_1,predict_2
2,1.0,0.0,0.0
3,0.13658333333333333,0.6074166666666667,0.256
4,0.9675,0.0225,0.01
7,0.47958958333333324,0.42066041666666665,0.09975
9,0.03821666666666666,0.2948145831945832,0.6669687501387501
10,0.989025,0.0031000000000000003,0.007875
11,0.5352688492063492,0.46473115079365085,0.0
12,0.1905214285714286,0.2094785714285714,0.6
14,0.2386875,0.7597125,0.0016
15,0.94815625,0.05184375,0.0
16,0.03628571428571428,0.8326880952380951,0.1310261904761905
17,0.6741130952380952,0.23402500000000007,0.09186190476190474
18,0.9995572916666666,0.0004427083333333333,0.0
21,0.09678330369476201,0.8314015220504805,0.07181517425475759
22,1.0,0.0,0.0
25,0.276,0.664,0.06
30,1.0,0.0,0.0
32,0.027005348124098126,0.9729946518759018,0.0
34,0.39951564262457123,0.33455371678585955,0.26593064058956933
35,0.06390595238095238,0.8092843101343102,0.12680973748473745
36,0.8356595238095237,0.16434047619047618,0.0
37,0.999,0.001,0.0
39,0.9820666666666668,0.012,0.005933333333333333
40,0.30203494298910966,0.6520994981484564,0.04586555886243385
41,0.5283761155511155,0.47162388444888426,0.0
42,0.26502338113275603,0.7173984938672436,0.017578125
45,0.307768235930736,0.41106827200577184,0.281163492063492
46,1.0,0.0,0.0
47,0.7026970367595368,0.28063808228808235,0.016664880952380955
48,0.1252541666666667,0.33073551587301586,0.5440103174603175
50,0.5280754802977545,0.3747588265138553,0.09716569318839058
51,0.3747068632756133,0.6116458152958153,0.01364732142857143
52,1.0,0.0,0.0
56,0.9259513888888891,0.0740486111111111,0.0
58,0.3023216961279459,0.6925116372053871,0.005166666666666667
62,1.0,0.0,0.0
63,1.0,0.0,0.0
65,0.08892000360750363,0.363946103896104,0.5471338924963922
66,0.4841309523809525,0.07821309523809525,0.43765595238095245
70,0.40721011904761883,0.18410436507936512,0.4086855158730157
71,0.8377749999999999,0.11784999999999998,0.044375
72,0.06278238095238096,0.7790218253968253,0.15819579365079364
73,1.0,0.0,0.0
74,0.5606958333333333,0.4393041666666666,0.0
76,1.0,0.0,0.0
77,0.32921433080808077,0.5513297619047619,0.1194559072871573
78,0.025941765873015873,0.3486667658730158,0.6253914682539683
82,0.06873056008533954,0.902996225628946,0.028273214285714287
85,0.5306716269841271,0.18677301587301587,0.28255535714285707
86,0.99975,0.00025,0.0
87,0.6837951687201688,0.2696266428016428,0.04657818847818848
95,1.0,0.0,0.0
96,0.2647083333333333,0.031108333333333328,0.7041833333333334
97,0.5209800144300143,0.36970966810966766,0.10931031746031761
98,1.0,0.0,0.0
100,0.9996666666666666,0.0003333333333333333,0.0
101,0.7546248078310573,0.2453751921689421,0.0
102,1.0,0.0,0.0
103,0.5218657903439156,0.44937495039682546,0.028759259259259238
106,0.3020473304473303,0.30950955988455986,0.38844310966810985
108,0.16276954365079366,0.8372304563492065,0.0
109,0.9890000000000001,0.010999999999999998,0.0
110,0.5650666666666669,0.003,0.4319333333333333
113,0.5260080086580085,0.17740300324675318,0.29658898809523804
114,0.903,0.001,0.096
116,0.9178259379509379,0.04480165945165945,0.037372402597402585
117,0.16,0.756,0.084
118,0.48691111111111113,0.5075888888888889,0.0055
121,0.8992974867724867,0.10020251322751321,0.0005
122,0.9425,0.0485,0.009
123,0.9569466666666665,0.018446666666666663,0.024606666666666634
124,1.0,0.0,0.0
126,0.5809904761904762,0.4190095238095237,0.0
127,0.4676142857142857,0.5323857142857144,0.0
128,0.6517681818181817,0.1950595238095238,0.1531722943722944
133,0.048489880952380965,0.8157585317460319,0.1357515873015873
136,0.13331777978965476,0.2243315066877567,0.6423507135225884
137,0.7205455499293733,0.27945445007062647,0.0
140,0.620692857142857,0.3780571428571429,0.00125
141,0.4761718704906205,0.5238281295093794,0.0
143,0.6984482110482109,0.22510642135642134,0.0764453675953676
144,0.9971625,0.0028374999999999997,0.0
145,0.269375,0.04004166666666667,0.6905833333333333
147,0.7593571428571428,0.014670238095238097,0.22597261904761906
148,0.05244444444444444,0.9473888888888887,0.00016666666666666666
150,0.6240602413019081,0.3708219750414194,0.005117783656672546
151,0.20838673529629415,0.32916802173861015,0.4624452429650962
153,0.8888333333333331,0.11116666666666665,0.0
155,0.9956654761904762,0.004334523809523809,0.0
156,0.22949999999999998,0.7705,0.0
160,0.17612951770451776,0.5203430097680097,0.30352747252747264
163,0.1111746336996337,0.2968481684981684,0.5919771978021982
164,0.7851083333333333,0.21489166666666668,0.0
165,0.2135633893883894,0.7575294406981907,0.028907169913419913
166,0.8939535993391502,0.10604640066085033,0.0
167,0.5495437671703297,0.30272507822039063,0.14773115460927966
168,1.0,0.0,0.0
169,0.8545555555555555,0.14423611111111112,0.0012083333333333332
170,0.062975,0.04090714285714285,0.8961178571428571
171,0.6124472222222223,0.3875527777777778,0.0
172,0.15795833333333337,0.23735714285714285,0.604684523809524
173,0.1545,0.8434999999999999,0.002
174,0.4871630185786436,0.3614208964646465,0.15141608495670997
175,0.8974773809523809,0.05893928571428571,0.043583333333333335
176,0.39509927849927856,0.28757155483405494,0.31732916666666666
180,0.2060547619047619,0.0075,0.786445238095238
181,0.24818333333333334,0.45262499999999994,0.2991916666666667
182,0.13037142857142858,0.5288285714285714,0.3408
185,0.9997777777777778,0.0002222222222222222,0.0
186,0.999,0.001,0.0
187,0.9462916666666665,0.00695,0.04675833333333333
189,0.47602070707070704,0.4215510191197691,0.1024282738095238
192,0.14315337301587308,0.656996626984127,0.19985
194,0.8943333333333332,0.10566666666666666,0.0
195,0.9254416666666665,0.07455833333333335,0.0
197,1.0,0.0,0.0
198,0.7202825837742505,0.2792174162257495,0.0005
201,1.0,0.0,0.0
202,0.70625,0.23391666666666666,0.05983333333333332
203,0.9966499999999999,0.00195,0.0014
205,0.9835000000000002,0.014666666666666668,0.0018333333333333335
208,0.5539689826594973,0.39471824446795034,0.051312772872552294
209,0.7596369047619048,0.24036309523809524,0.0
210,0.33954468253968256,0.26689880952380945,0.393556507936508
211,0.9978333333333333,0.001,0.0011666666666666665
214,0.8393693148929164,0.1605399002746322,9.078483245149912e-05
215,0.6438180044010774,0.18656721084663788,0.16961478475228486
216,0.5399673874736375,0.39536469918969924,0.06466791333666336
218,0.2705022144522145,0.7142318764568765,0.015265909090909092
219,0.2854886183261183,0.6303734126984126,0.08413796897546899
220,0.4413129911754906,0.34629487595737574,0.21239213286713293
222,0.42779213078588096,0.3422861138861137,0.22992175532800513
224,0.3623044642857143,0.5949421626984126,0.042753373015873015
226,0.9945,0.0035,0.002
228,0.25100086996337,0.5073709942834941,0.2416281357531358
229,0.06312453703703703,0.3598000587375589,0.5770754042254042
230,0.5759954059829056,0.42400459401709395,0.0
231,0.9797222222222222,0.01672222222222222,0.0035555555555555566
232,0.9904017857142857,0.009598214285714286,0.0
233,1.0,0.0,0.0
235,0.9983166666666667,0.0016833333333333331,0.0
236,1.0,0.0,0.0
237,0.6477763227513228,0.16744510582010577,0.18477857142857138
241,1.0,0.0,0.0
244,0.9836166666666667,0.013383333333333334,0.003
245,0.6625244708994709,0.3374199735449735,5.555555555555556e-05
246,0.205,0.795,0.0
249,0.5131618927368927,0.4868381072631073,0.0
250,0.62842575887654,0.31147223105309046,0.060102010070369416
252,0.006900000000000001,0.9931,0.0
253,0.25130417329810695,0.01024224466301672,0.7384535820388762
254,0.6500813492063491,0.09588670634920633,0.2540319444444445
255,0.5704146391369047,0.42715567336309535,0.0024296875
258,0.9718252976190476,0.009846626984126985,0.018328075396825395
261,0.17991190476190477,0.7900181547619047,0.030069940476190476
264,0.013589285714285715,0.055848214285714286,0.9305625000000001
267,0.2573868506493506,0.695607196969697,0.047005952380952384
268,0.7968849206349202,0.18296507936507936,0.020149999999999998
271,0.16236666666666666,0.6906333333333334,0.147
273,1.0,0.0,0.0
276,0.9932236607142857,0.006776339285714286,0.0
277,0.9791738095238095,0.020826190476190477,0.0
278,0.9429938717532468,0.057006128246753246,0.0
280,0.994,0.006,0.0
281,0.8477910714285714,0.15220892857142862,0.0
282,0.8102785714285714,0.1810214285714286,0.0087
283,0.31265418756080515,0.5319918820252459,0.1553539304139488
285,0.5369940373118945,0.46300596268810557,0.0
286,0.9896888888888888,0.00818611111111111,0.002125
287,0.07398343253968254,0.7625582341269841,0.16345833333333334
288,0.8286187049062049,0.054,0.11738129509379512
289,1.0,0.0,0.0
291,0.3609375,0.0707076388888889,0.5683548611111111
294,0.38816191586191573,0.22407082188644695,0.3877672622516372
298,0.31957523080897055,0.4475076607107764,0.2329171084802537
301,0.9701547222222224,0.008147222222222224,0.02169805555555556
303,1.0,0.0,0.0
304,0.28518125,0.71481875,0.0
305,0.3621674422799423,0.618125,0.01970755772005772
307,0.42798957013004607,0.29706425840473455,0.274946171465219
308,0.34377738095238103,0.4858413926351426,0.17038122641247644
309,0.5266199441504996,0.3307090828924163,0.14267097295708406
310,0.1702898809523809,0.23526964285714283,0.594440476190476
311,0.46707385461760453,0.5008370986652236,0.032089046717171714
312,0.5124110691391941,0.42484450167887666,0.06274442918192921
314,1.0,0.0,0.0
316,0.22993354978354982,0.6635172619047619,0.10654918831168833
318,1.0,0.0,0.0
322,0.4832583694083694,0.4329353655603656,0.08380626503126505
324,0.986,0.014,0.0
325,0.2932822143134642,0.2673061036186035,0.43941168206793196
326,0.7234780826812077,0.2765219173187923,0.0
328,0.12398832972582964,0.8735116702741698,0.0025
329,0.12675,0.56725,0.306
330,0.6593984036796536,0.34060159632034637,0.0
331,1.0,0.0,0.0
332,1.0,0.0,0.0
333,0.48813623390498395,0.30259265664890667,0.2092711094461094
335,0.7906613095238095,0.20933869047619047,0.0
336,0.8368969967532467,0.14791029491341992,0.015192708333333334
337,0.37601190476190477,0.6119880952380952,0.012
340,0.08896726190476191,0.2861166666666667,0.6249160714285715
342,0.039,0.031166666666666665,0.9298333333333333
344,0.9977910317460318,0.002208968253968254,0.0
346,0.9964333333333333,0.0020166666666666666,0.00155
347,0.6535241116522367,0.34551755501443,0.0009583333333333336
349,0.9887318452380953,0.01126815476190476,0.0
351,0.6133862433862434,0.38661375661375647,0.0
352,0.9999833024118738,1.6697588126159555e-05,0.0
353,1.0,0.0,0.0
354,0.40925,0.59075,0.0
356,0.881235515873016,0.11876448412698411,0.0
359,0.001,0.9954472222222223,0.0035527777777777775
361,0.5781810876623377,0.42181891233766233,0.0
362,0.9703337662337661,0.029666233766233768,0.0
365,0.8595583333333334,0.07079583333333332,0.06964583333333332
366,0.8454322861552028,0.14220213844797178,0.012365575396825397
367,0.10127523574958767,0.7880279605440356,0.11069680370637718
368,0.822988273960874,0.1770117260391254,0.0
369,0.862153855866356,0.12962896825396827,0.008217175879675876
370,0.4344449404761903,0.5655550595238095,0.0
372,0.7170074915824917,0.27658369408369404,0.0064088143338143335
374,1.0,0.0,0.0
375,0.4737944047619047,0.19477785714285714,0.33142773809523807
376,0.17536028138528129,0.3183511904761905,0.5062885281385279
378,0.19050934447496942,0.5850532339188588,0.2244374216061713
380,0.9999166666666667,8.333333333333333e-05,0.0
382,1.0,0.0,0.0
383,0.864503685203685,0.13549631479631477,0.0
384,0.9814696428571428,0.01853035714285714,0.0
386,0.37771835858585856,0.07304945665445668,0.5492321847596846
388,1.0,0.0,0.0
389,0.14468385474819306,0.4743902901836728,0.3809258550681347
390,0.9980000000000001,0.002,0.0
393,0.14352514056405694,0.7522743643754481,0.10420049506049506
394,0.33111250000000003,0.5693511904761904,0.09953630952380954
395,0.4120548035518186,0.30455585576435523,0.2833893406838259
396,0.5917666666666667,0.2640511904761905,0.1441821428571429
398,0.18892040043290043,0.677395871142746,0.13368372842435344
399,0.48895892857142853,0.23861101190476194,0.2724300595238095
401,0.7788502594627593,0.18734583333333318,0.03380390720390721
402,0.763,0.0025,0.2345
404,0.9931606734875891,0.006839326512410877,0.0
405,0.99725,0.00275,0.0
407,0.6972202777777776,0.30227972222222227,0.0005
410,0.5967809523809524,0.40321904761904764,0.0
414,0.3959287968975469,0.46672233721139955,0.13734886589105336
416,0.3796859997356658,0.30872717057248317,0.31158682969185125
418,0.9999166666666666,8.333333333333333e-05,0.0
419,0.34946865079365075,0.6283804563492065,0.022150892857142855
422,0.4071378718503715,0.5928621281496286,0.0
423,0.9018999999999998,0.09809999999999999,0.0
425,1.0,0.0,0.0
426,0.950596587902838,0.0494034120971621,0.0
427,1.0,0.0,0.0
428,0.1508678318209568,0.8299678824647574,0.019164285714285717
431,0.7681732142857141,0.23182678571428572,0.0
433,0.7781789682539682,0.2218210317460317,0.0
434,0.9186253934557506,0.08137460654424943,0.0
435,1.0,0.0,0.0
436,1.0,0.0,0.0
440,0.9614166666666667,0.03858333333333334,0.0
441,0.1818465773809524,0.276977876984127,0.5411755456349208
442,0.7573131899350649,0.232486810064935,0.0102
443,0.9751166666666666,0.02188333333333333,0.003
445,0.3551119047619048,0.44774234931734935,0.19714574592074588
448,0.3190967757936508,0.3070850198412698,0.37381820436507934
451,0.37235627744169414,0.6238049879904046,0.0038387345679012355
454,0.18009267676767685,0.11806399711399719,0.7018433261183263
456,0.9294166666666666,0.07058333333333333,0.0
457,0.026285416666666665,0.044110416666666666,0.9296041666666666
458,0.6491981481481481,0.19626296296296297,0.1545388888888889
459,1.0,0.0,0.0
460,0.2542946428571428,0.31481785714285715,0.43088750000000015
461,0.26899581509760084,0.60908649564721,0.12191768925518927
463,0.8148382936507937,0.18516170634920626,0.0
464,0.42202200762200737,0.21251772486772494,0.3654602675102674
467,0.43604999999999994,0.4111208333333334,0.15282916666666668
468,0.6175013888888887,0.3824986111111112,0.0
471,0.5558492063492064,0.41069523809523806,0.03345555555555556
473,0.6960934523809525,0.032534523809523805,0.27137202380952385
475,0.8951333333333333,0.037866666666666667,0.067
476,0.4383934447496947,0.1326496232933733,0.4289569319569319
478,0.09211197968697968,0.39914959623709645,0.5087384240759242
481,0.40845357142857147,0.22993333333333332,0.3616130952380952
482,0.967,0.001,0.032
483,0.4984837301587301,0.5015162698412698,0.0
485,0.9944999999999999,0.0025,0.003
490,0.9999285714285714,7.142857142857143e-05,0.0
493,0.9990000000000001,0.001,0.0
494,0.89575,0.08399999999999999,0.02025
508,0.126,0.874,0.0
509,0.958412968975469,0.022900829725829724,0.018686201298701292
510,1.0,0.0,0.0
511,0.99125,0.008749999999999999,0.0
512,0.8723530483405482,0.12764695165945159,0.0
513,0.2926347357503607,0.14106455627705627,0.5663007079725833
514,0.33570385551948073,0.6642961444805195,0.0
516,0.8476541666666666,0.15234583333333335,0.0
517,0.16694781746031748,0.2581629761904761,0.5748892063492063
518,0.8750847222222221,0.12491527777777778,0.0
520,0.35558214285714285,0.36175238095238094,0.2826654761904761
521,0.8191443354779753,0.18085566452202465,0.0
522,0.8804038968253967,0.11762943650793649,0.0019666666666666673
523,0.207,0.17425000000000002,0.6187499999999999
524,0.99975,0.00025,0.0
525,0.6635698412698412,0.31393983886483895,0.022490319865319866
526,0.1507532203907204,0.46756959256021763,0.38167718704906206
527,0.08654184284315675,0.5806798645889231,0.3327782925679205
528,0.17009814814814814,0.1811848473285974,0.6487170045232544
529,0.8127809523809523,0.1527392857142858,0.03447976190476191
530,0.11840402687590176,0.2626922032828281,0.6189037698412697
531,1.0,0.0,0.0
534,0.3167582341269842,0.6832417658730159,0.0
535,0.09326480556480556,0.6329158698939948,0.27381932454119945
536,1.0,0.0,0.0
537,0.2869769751082251,0.6827427308802309,0.030280294011544015
538,0.17134017857142858,0.8203383928571429,0.008321428571428572
539,0.5992706039314151,0.10190666619599673,0.29882272987258807
540,0.9826166666666667,0.0055,0.011883333333333334
542,0.0545,0.9445,0.001
545,0.580680284992785,0.3908180284992785,0.028501686507936507
546,0.5575749999999999,0.44092499999999996,0.0015
547,1.0,0.0,0.0
548,0.026333333333333334,0.9736666666666667,0.0
551,0.9981285714285714,0.0018714285714285716,0.0
554,0.004533333333333334,0.7989357142857143,0.1965309523809524
556,0.055,0.016,0.929
557,0.9487249999999999,0.051275,0.0
559,0.9501499999999998,0.049850000000000005,0.0
560,0.3364333333333333,0.09536666666666668,0.5682
562,1.0,0.0,0.0
563,0.24310322969131565,0.23957167301014973,0.5173250972985349
564,0.8967825577200579,0.1007325937950938,0.002484848484848485
565,0.5048563492063493,0.3961019841269841,0.09904166666666667
566,0.18042277652902644,0.43694227231102223,0.3826349511599513
567,0.2268550201943054,0.23859530919710456,0.53454967060859
568,0.6884834068195178,0.30256412404467964,0.00895246913580247
571,0.4182376406926406,0.3794575072150072,0.202304852092352
572,0.6062027417027418,0.3937972582972583,0.0
573,0.27529284970204076,0.7245404836312925,0.00016666666666666666
574,0.8031190476190476,0.19521428571428573,0.0016666666666666668
577,0.7694660714285714,0.23053392857142863,0.0
578,0.9176666666666667,0.06516666666666665,0.017166666666666667
579,1.0,0.0,0.0
582,0.030744246031746032,0.47950297619047627,0.4897527777777777
584,0.3688539682539681,0.6253126984126984,0.005833333333333334
586,0.6768,0.2902,0.033
587,0.3847456168831167,0.42413069083694105,0.19112369227994228
589,0.5128248015873017,0.05185535714285715,0.4353198412698412
590,0.5414660714285715,0.41958392857142857,0.03895
591,0.9989690390259335,0.0010309609740665401,0.0
592,0.48403102240896356,0.25163171362043907,0.2643372639705972
593,0.05350476190476189,0.8829559523809525,0.06353928571428573
595,0.094,0.4995,0.4065
596,0.7802631047771674,0.10161534819347319,0.11812154702935952
597,0.5561011904761903,0.42464880952380957,0.019249999999999996
598,0.09655917078952791,0.9031551149247579,0.00028571428571428574
600,1.0,0.0,0.0
602,0.583,0.3925,0.0245
606,0.28366995677933177,0.13527738476800977,0.5810526584526584
607,0.7501787698412699,0.2132170634920635,0.03660416666666667
609,0.2681555555555556,0.7318444444444445,0.0
610,0.5398291418650794,0.445455679563492,0.014715178571428573
611,0.44629444444444455,0.5031047619047618,0.05060079365079367
612,0.8391613455988459,0.1608386544011544,0.0
613,1.0,0.0,0.0
614,0.6187415556187107,0.38125844438128925,0.0
617,0.9105025709359179,0.08238612430217727,0.007111304761904754
619,0.0195,0.8955,0.08499999999999999
620,0.0225,0.32175,0.65575
621,0.38538687656297954,0.38586622023809525,0.22874690319892527
625,0.1218142857142857,0.331140589569161,0.5470451247165532
627,0.5147767090548341,0.3316061011904762,0.15361718975468971
628,0.7057,0.061799999999999994,0.2325
629,0.21734463345296665,0.5465689557356224,0.23608641081141066
631,0.1748669216802702,0.28395095741413284,0.5411821209055971
632,0.15712083333333332,0.5968666666666667,0.24601250000000002
633,1.0,0.0,0.0
635,0.28050175984805237,0.4622169488001105,0.25728129135183697
639,0.8265,0.0785,0.095
641,0.44384126984126987,0.5549934523809524,0.0011652777777777779
642,0.4991324404761903,0.3350756944444445,0.16579186507936508
643,0.17529444444444445,0.2436373015873016,0.581068253968254
644,0.33999672619047616,0.6600032738095238,0.0
645,0.583,0.417,0.0
647,0.33147950937950965,0.1223470238095238,0.5461734668109666
648,0.7135411706349206,0.2864588293650794,0.0
649,0.28079404761904764,0.7192059523809524,0.0
650,0.001,0.7413054112554099,0.25769458874458867
652,0.3629666666666667,0.6150333333333333,0.022
653,0.37593083999334004,0.5325466366966366,0.09152252331002332
654,0.8078398809523811,0.09620000000000001,0.09596011904761904
655,0.23509027176527178,0.7600684583934584,0.004841269841269842
658,0.4333610750360751,0.34900152757736086,0.21763739738656404
659,1.0,0.0,0.0
661,0.4057970017636684,0.5892093143738977,0.004993683862433863
664,0.3985588682253205,0.17887730881251104,0.42256382296216854
666,0.5502833333333332,0.44971666666666676,0.0
667,1.0,0.0,0.0
668,1.0,0.0,0.0
669,0.905375,0.09462500000000001,0.0
670,0.8670747086247087,0.12205608974358972,0.01086920163170163
671,1.0,0.0,0.0
672,1.0,0.0,0.0
673,0.3291367604617606,0.44985791847041856,0.22100532106782103
674,0.87415,0.12585000000000002,0.0
675,0.24893160820660784,0.3908122072372071,0.3602561845561843
676,0.4989974206349207,0.44737400793650794,0.05362857142857143
677,0.4799013888888889,0.5200986111111112,0.0
685,0.6779714285714284,0.21501626984126984,0.10701230158730159
686,0.935842704603618,0.027562584384140106,0.036594711012241966
688,1.0,0.0,0.0
689,0.0753392857142857,0.4647996031746031,0.45986111111111094
690,0.13449999999999998,0.231925,0.633575
692,0.7971007936507936,0.03499742063492064,0.16790178571428574
694,0.2538864583333333,0.6237920704295705,0.12232147123709622
695,0.8953937770562772,0.10443955627705626,0.00016666666666666666
696,0.31788740079365085,0.4899204365079366,0.19219216269841272
697,0.0673243281024531,0.09944732142857143,0.8332283504689755
699,0.3681999527025263,0.34352265687743627,0.2882773904200373
700,0.3013857142857143,0.6976142857142855,0.001
701,0.9479952380952381,0.023163095238095233,0.028841666666666668
704,0.8356666666666667,0.1643333333333333,0.0
705,0.8325833333333332,0.16741666666666666,0.0
706,0.6368606414418911,0.14551375291375274,0.2176256056443557
707,0.6725863095238095,0.3274136904761905,0.0
708,0.11148055555555557,0.016,0.8725194444444444
709,0.16012023809523807,0.798897619047619,0.04098214285714286
710,0.31120396825396823,0.2650805555555556,0.42371547619047606
711,0.6344931547619047,0.2174133928571429,0.14809345238095237
712,0.9704583333333333,0.007333333333333333,0.022208333333333333
713,0.273553134018759,0.7264468659812409,0.0
717,1.0,0.0,0.0
718,0.5553125,0.43931250000000005,0.0053750000000000004
719,0.530269299730126,0.08300948304361623,0.3867212172262577
723,0.9716333333333335,0.0277,0.0006666666666666666
724,0.9998055555555556,0.00019444444444444443,0.0
725,0.6869666666666667,0.22315833333333332,0.089875
726,0.865375,0.124125,0.010499999999999999
728,0.26750833333333335,0.7132666666666667,0.019225
729,0.1451273786976912,0.8386697939213563,0.01620282738095238
730,0.9886875,0.010812500000000001,0.0005
735,0.7780158008658009,0.2219841991341991,0.0
736,0.28901991341991345,0.37802505411255416,0.3329550324675325
737,0.24316190476190475,0.06751607142857143,0.6893220238095238
738,0.7372089285714283,0.26154107142857136,0.00125
739,0.8536690476190476,0.09643571428571429,0.04989523809523809
743,0.9063333333333332,0.09313333333333335,0.0005333333333333334
744,0.7243690476190476,0.14729166666666668,0.1283392857142857
746,0.7499309523809525,0.2281690476190476,0.021900000000000003
749,0.6260166666666667,0.37398333333333333,0.0
750,0.09641666666666666,0.7668571428571427,0.13672619047619047
751,0.1788696428571429,0.6804136904761906,0.14071666666666666
753,0.9283192612942613,0.0606807387057387,0.011
754,0.83975,0.15400000000000003,0.00625
756,0.8693929983211234,0.13060700167887668,0.0
757,0.6125,0.3845,0.003
758,0.4273925595238095,0.5561669642857142,0.016440476190476186
759,0.2385369930073749,0.645754226498428,0.11570878049419717
760,0.37675000000000003,0.6145833333333334,0.008666666666666668
761,0.08216956845238095,0.6926499255952381,0.22518050595238093
762,0.13071666666666668,0.8692833333333333,0.0
763,1.0,0.0,0.0
764,0.969125,0.0115,0.019375
765,0.7316699886057116,0.12363036412797442,0.1446996472663139
767,1.0,0.0,0.0
770,0.4522142857142858,0.452038492063492,0.09574722222222223
771,0.17496380008880008,0.35926365079365075,0.4657725491175492
773,0.3934187589727596,0.5802866297357543,0.026294611291486285
774,1.0,0.0,0.0
775,0.43916339285714284,0.2532520833333333,0.30758452380952384
776,0.31579920634920633,0.0921424603174603,0.5920583333333335
779,1.0,0.0,0.0
781,0.02900238095238095,0.1337873015873016,0.8372103174603175
782,0.0013124999999999999,0.40625,0.5924375
783,0.46858571428571416,0.5294142857142858,0.002
785,1.0,0.0,0.0
786,1.0,0.0,0.0
790,0.4097142857142857,0.09192391774891773,0.4983617965367966
791,0.7126369047619047,0.1818630952380952,0.1055
792,1.0,0.0,0.0
793,0.8280468253968255,0.16963650793650792,0.0023166666666666665
798,0.033225000000000005,0.5121583333333334,0.4546166666666667
799,0.8120898809523809,0.18791011904761906,0.0
800,1.0,0.0,0.0
801,0.975,0.025,0.0
802,0.43328325680373214,0.09228571736818436,0.4744310258280834
803,0.82445,0.05567500000000001,0.119875
804,0.9486210317460316,0.05137896825396826,0.0
805,0.303884126984127,0.5264880952380951,0.16962777777777774
806,0.3437595621392497,0.2769099319083694,0.3793305059523809
807,0.5807046080903223,0.2673345317381032,0.15196086017157448
808,0.8941273809523806,0.10587261904761903,0.0
814,0.6027583333333334,0.038,0.3592416666666668
815,1.0,0.0,0.0
816,0.3188466269841269,0.673403373015873,0.00775
817,0.7560841269841272,0.23474920634920637,0.009166666666666667
819,0.25365476190476194,0.5348111111111112,0.21153412698412705
820,0.7511398809523808,0.21729265873015874,0.03156746031746032
823,0.28136666666666665,0.3943107142857143,0.32432261904761894
824,0.598,0.402,0.0
825,0.838,0.071,0.091
826,1.0,0.0,0.0
828,0.41598710317460297,0.5702795634920633,0.013733333333333334
829,1.0,0.0,0.0
830,0.9885,0.0115,0.0
832,0.63725,0.36275,0.0
833,0.2555835317460317,0.2517642857142859,0.4926521825396822
834,0.18855055529787673,0.415228008680162,0.3962214360219612
835,0.6269602060335032,0.21315860570735526,0.15988118825914152
837,0.9994166666666666,0.0005833333333333333,0.0
838,0.12323690476190477,0.18559642857142855,0.6911666666666666
842,1.0,0.0,0.0
844,0.3953083333333334,0.6046916666666666,0.0
846,0.24851091269841266,0.0426452380952381,0.7088438492063491
847,0.36346999007936504,0.6142585317460316,0.022271478174603176
848,0.7527960317460317,0.13046507936507937,0.11673888888888889
849,0.9971111111111112,0.0014444444444444446,0.0014444444444444444
851,0.4089268217893218,0.5910731782106782,0.0
852,1.0,0.0,0.0
854,0.5107590658524483,0.30343174290306646,0.18580919124448536
857,0.499,0.5,0.001
860,0.3829078074703075,0.6170921925296922,0.0
861,0.3853333333333334,0.35136458333333337,0.2633020833333333
862,0.77835,0.19366666666666668,0.027983333333333336
863,0.9248555555555557,0.06834797979797981,0.006796464646464647
864,0.9738294871794873,0.020429273504273503,0.005741239316239316
865,0.5041502840780617,0.46882112897390665,0.027028586948031393
867,0.8369408163265306,0.16305918367346936,0.0
868,0.99925,0.00075,0.0
872,0.15522847985347987,0.4432432463369963,0.4015282738095238
875,0.52425,0.30625,0.16949999999999998
876,1.0,0.0,0.0
877,0.32296411960753096,0.6046532515733465,0.07238262881912264
879,0.30178541666666664,0.6982145833333333,0.0
880,0.9797916666666666,0.003333333333333333,0.016875
882,0.852,0.146,0.002
884,0.35552888426592455,0.6431169490674086,0.001354166666666667
887,1.0,0.0,0.0
889,0.9996363636363637,0.00036363636363636367,0.0
890,0.05135687920467332,0.6222967291151115,0.32634639168021523
891,1.0,0.0,0.0
894,0.5563352202965592,0.42247138978367704,0.02119338991976375
895,0.7812172619047619,0.2187827380952381,0.0
898,0.9899999999999999,0.01,0.0
899,0.9998333333333332,0.00016666666666666666,0.0
904,0.5848833333333333,0.41342023809523804,0.0016964285714285714
907,0.005499999999999999,0.8963333333333335,0.09816666666666667
908,0.126243349367519,0.7822317593198718,0.09152489131260923
910,0.5381437716738027,0.20932974600992416,0.2525264823162734
911,0.4760374338624339,0.5066666666666667,0.017295899470899472
913,0.9999166666666666,8.333333333333333e-05,0.0
915,0.8914353174603173,0.05977777777777777,0.048786904761904754
916,0.8476169106934731,0.1523830893065268,0.0
919,0.9766666666666667,0.01958333333333333,0.00375
921,0.9292678571428571,0.054690476190476185,0.016041666666666666
923,0.649330291005291,0.35066970899470906,0.0
925,0.9926083333333333,0.007391666666666666,0.0
927,0.013083333333333334,0.9774166666666666,0.0095
930,0.8708559523809525,0.034560714285714285,0.09458333333333332
931,0.9935166666666667,0.006483333333333334,0.0
932,0.9991770833333333,0.0008229166666666667,0.0
933,0.20285979646241792,0.7817925625696146,0.015347640967967454
934,0.6025277777777778,0.3974722222222222,0.0
935,0.10054076930014434,0.27526438422688415,0.6241948464729716
936,0.9056666666666667,0.09333333333333332,0.001
937,0.13280252976190476,0.25876836462148967,0.6084291056166057
939,0.2976898809523809,0.15103055555555564,0.5512795634920633
940,0.0135,0.9865,0.0
941,0.6565758597883599,0.34342414021164025,0.0
942,0.989495238095238,0.010504761904761906,0.0
944,1.0,0.0,0.0
945,0.7693367559523809,0.23066324404761906,0.0
947,0.2541653457653458,0.1659764790764788,0.5798581751581751
950,0.9781584656084655,0.021841534391534394,0.0
951,0.14733333333333332,0.8376666666666667,0.015
953,0.8756333333333334,0.12436666666666665,0.0
955,0.6113953042328043,0.3886046957671958,0.0
956,0.41813452380952376,0.1514333333333333,0.430432142857143
960,0.3391323156010657,0.37289392031579505,0.28797376408313907
962,1.0,0.0,0.0
963,0.9993333333333334,0.0004166666666666667,0.00025
964,0.9884865079365079,0.011013492063492062,0.0005
965,0.47051190476190474,0.24376577380952383,0.2857223214285714
966,1.0,0.0,0.0
970,0.8983253968253968,0.10167460317460315,0.0
973,0.11241666666666666,0.8875833333333333,0.0
974,0.9296477678571429,0.07035223214285714,0.0
976,1.0,0.0,0.0
977,0.3221210724460724,0.35180528337403344,0.32607364417989415
979,0.06823928571428572,0.6409037698412697,0.29085694444444443
981,0.7688487103174603,0.22455753968253955,0.006593749999999999
982,0.8655547619047614,0.13444523809523806,0.0
983,1.0,0.0,0.0
985,0.37872500000000003,0.30307267316017306,0.31820232683982685
986,0.4516445436507936,0.29932093253968256,0.24903452380952384
987,0.13955292658730156,0.6497804067460318,0.21066666666666667
990,0.999628373015873,0.0003716269841269841,0.0
993,0.4333,0.49369999999999997,0.073
994,0.9490609089984089,0.021920463911088903,0.029018627090502094
995,0.13054999999999997,0.3398166666666667,0.5296333333333334
996,1.0,0.0,0.0
997,0.1456434247234247,0.8011221308321307,0.053234444444444425
1000,0.09926871184371183,0.8698480158730159,0.030883272283272287
1001,0.71035,0.14348333333333335,0.14616666666666667
1004,0.06204205447330447,0.9097141925204423,0.02824375300625301
1007,0.6763333333333332,0.32056666666666667,0.0031
1008,0.6603595238095239,0.2862904761904762,0.05335
1009,0.34,0.66,0.0
1010,0.7825,0.216,0.0015
1011,1.0,0.0,0.0
1012,0.8789406556168503,0.12105934438314948,0.0
1013,0.7924343253968255,0.20706567460317457,0.0005
1016,1.0,0.0,0.0
1017,0.9763666666666667,0.023633333333333333,0.0
1018,0.3338945346320346,0.2119565476190476,0.4541489177489178
1021,1.0,0.0,0.0
1023,0.8381616071428573,0.07395982142857144,0.08787857142857142
1024,0.9996666666666667,0.0003333333333333333,0.0
1025,0.1124042328042328,0.07106468253968254,0.8165310846560846
1026,0.12587554112554114,0.8741244588744588,0.0
1027,0.64307492021867,0.3569250797813299,0.0
1029,1.0,0.0,0.0
1032,0.5574077380952379,0.44259226190476186,0.0
1033,1.0,0.0,0.0
1034,0.477,0.522,0.001
1036,0.701420032051282,0.15589011648074144,0.14268985146797647
1037,0.9107916666666667,0.08920833333333333,0.0
1038,0.9664779761904763,0.033522023809523814,0.0
1039,0.16466385582010581,0.47889205447330446,0.35644408970658975
1041,0.029775396825396823,0.4566079365079365,0.5136166666666666
1042,0.9717007936507936,0.028299206349206345,0.0
1043,0.4466551807204091,0.5477853238147384,0.005559495464852608
1045,0.9074361111111111,0.06814960317460318,0.024414285714285715
1049,1.0,0.0,0.0
1052,0.9918750000000001,0.006775,0.00135
1053,0.0,0.9847916666666666,0.015208333333333334
1055,1.0,0.0,0.0
1056,0.30826131246825256,0.3943097942553569,0.2974288932763906
1057,0.9690082039692335,0.030741796030766617,0.00025
1058,0.37362812500000003,0.6263718749999999,0.0
1059,0.8790509407259407,0.12094905927405926,0.0
1060,0.41450853174603175,0.5705589285714285,0.014932539682539681
1061,0.1178,0.07741666666666666,0.8047833333333333
1062,0.31343452380952386,0.6808154761904761,0.00575
1063,0.13632627696377694,0.618722675010175,0.24495104802604803
1066,1.0,0.0,0.0
1067,1.0,0.0,0.0
1068,0.09974523809523808,0.8265166666666667,0.07373809523809523
1073,0.15493333333333337,0.024999999999999998,0.8200666666666665
1074,0.6727881944444443,0.3245243055555554,0.0026875000000000007
1075,0.5739,0.4256,0.0005
1076,0.5114083333333334,0.2099375,0.27865416666666665
1078,0.9592416666666667,0.040172619047619054,0.0005857142857142857
1081,0.9996458333333332,0.0003541666666666667,0.0
1082,0.32275523538961043,0.10404833603896105,0.5731964285714286
1083,1.0,0.0,0.0
1084,0.7705,0.2295,0.0
1088,0.3258265873015872,0.5773722222222223,0.09680119047619047
1089,0.7222433531746031,0.277756646825397,0.0
1091,0.16358890866078366,0.812587877053502,0.023823214285714284
1092,0.8285833333333332,0.17141666666666666,0.0
1093,1.0,0.0,0.0
1095,0.22400000000000003,0.7759999999999999,0.0
1096,0.23333333333333334,0.4873333333333333,0.2793333333333333
1099,0.875377398989899,0.12462260101010103,0.0
1100,0.9998939393939394,0.00010606060606060605,0.0
1106,0.009708333333333333,0.3667903210828466,0.6235013455838202
1109,0.30473353174603174,0.6945164682539682,0.0007500000000000001
1113,1.0,0.0,0.0
1114,0.6709027777777777,0.3290972222222222,0.0
1119,1.0,0.0,0.0
1121,0.8390888888888887,0.09375119047619047,0.06715992063492064
1122,0.3428666666666666,0.6571333333333332,0.0
1123,0.6914999999999999,0.30549999999999994,0.003
1124,0.5797618551587302,0.42023814484126976,0.0
1125,0.1829794282106782,0.14726811868686873,0.6697524531024531
1127,0.250257989232989,0.691916974691974,0.05782503607503608
1128,0.9031755555555558,0.09682444444444444,0.0
1129,0.8390833333333333,0.16091666666666665,0.0
1130,0.4350231694159144,0.5209769171641722,0.04399991341991341
1133,0.5153333333333334,0.39499999999999996,0.08966666666666666
1135,0.11095833333333333,0.7239654761904761,0.1650761904761905
1138,0.14719900793650795,0.1338348561569149,0.7189661359065771
1139,0.3425247113997113,0.5806601731601732,0.07681511544011545
1140,0.3514303902116402,0.22531683201058197,0.42325277777777776
1141,1.0,0.0,0.0
1145,0.14546250000000002,0.8415,0.0130375
1146,0.7267720238095239,0.2341404761904762,0.039087500000000004
1147,0.991,0.009000000000000001,0.0
1149,0.6102500000000001,0.37725000000000003,0.0125
1150,0.3688,0.6277833333333332,0.0034166666666666664
1151,0.8574985341047839,0.13845979922854923,0.0040416666666666665
1153,0.2640059523809523,0.2950916666666667,0.44090238095238093
1155,0.859772845291963,0.14022715470803715,0.0
1156,0.44179476611351604,0.5574844005531506,0.0007208333333333334
1157,0.993727380952381,0.000375,0.005897619047619047
1158,0.7617732142857143,0.23822678571428568,0.0
1160,1.0,0.0,0.0
1161,0.35616666666666663,0.07566666666666667,0.5681666666666667
1163,0.6714206198727836,0.32850894361927985,7.043650793650793e-05
1167,1.0,0.0,0.0
1168,0.9992750000000001,0.0007250000000000001,0.0
1169,0.05035088707588708,0.6142386312761312,0.33541048164798154
1170,0.38993219696969694,0.039221374458874456,0.5708464285714285
1173,0.9005734126984127,0.09412182539682538,0.005304761904761904
1174,0.28801506119541836,0.4182988740756598,0.29368606472892195
1175,0.5384029761904763,0.46140072751322747,0.0001962962962962963
1176,0.6618037049755798,0.12097496375152625,0.21722133127289378
1178,0.0543,0.09620000000000001,0.8495
1179,1.0,0.0,0.0
1180,0.93275,0.06725,0.0
1181,0.9027466112711965,0.09725338872880342,0.0
1182,0.5634467858530359,0.4313912922147296,0.005161921932234432
1183,1.0,0.0,0.0
1185,0.8395130952380955,0.16048690476190483,0.0
1186,0.8288583333333333,0.17114166666666664,0.0
1187,0.9935250000000001,0.004024999999999999,0.0024500000000000004
1188,1.0,0.0,0.0
1189,0.5818821428571429,0.41721785714285714,0.0009
1190,0.24015709325396825,0.4873433219558219,0.2724995847902098
1191,0.1500649864024864,0.44317529761904745,0.406759715978466
1192,0.31617382212694717,0.6755914556508308,0.008234722222222221
1195,0.5808333333333333,0.20691666666666667,0.21224999999999997
1198,0.9047821428571429,0.04997222222222222,0.045245634920634915
1199,0.7830000000000001,0.217,0.0
1200,0.6556029761904761,0.07740416666666665,0.26699285714285714
1201,0.37852857142857144,0.229617037037037,0.39185439153439156
1202,1.0,0.0,0.0
1204,0.63,0.017,0.353
1206,0.30751150793650794,0.5775428571428572,0.11494563492063492
1208,1.0,0.0,0.0
1209,0.5676261002886003,0.4150350063131314,0.0173388933982684
1212,1.0,0.0,0.0
1219,0.9939621406371406,0.006037859362859364,0.0
1220,0.3795511740554807,0.620143043631594,0.00030578231292517
1221,0.1998887670971004,0.66223147019647,0.1378797627064294
1224,0.9995208333333334,0.0004791666666666667,0.0
1227,1.0,0.0,0.0
1229,1.0,0.0,0.0
1230,1.0,0.0,0.0
1231,0.04471428571428574,0.9031761904761906,0.05210952380952382
1232,0.9987555555555554,0.0012444444444444443,0.0
1233,0.4371866071428572,0.1849550595238095,0.37785833333333335
1234,0.26607602568963834,0.19782061608459955,0.5361033582257622
1237,0.5065399350649347,0.4934600649350645,0.0
1238,0.8505041666666666,0.14949583333333333,0.0
1240,0.1523423611111111,0.7448601190476191,0.10279751984126985
1243,0.888380915149665,0.11161908485033474,0.0
1245,0.47282507215007213,0.49255772005771997,0.0346172077922078
1246,0.3824257936507936,0.34128253968253974,0.27629166666666666
1249,0.9812318295607302,0.0187681704392701,0.0
1250,0.8621666666666667,0.13783333333333334,0.0
1252,0.8234925546675546,0.1746532786657786,0.0018541666666666667
1253,0.3507908717878483,0.2328835647448312,0.4163255634673203
1254,0.9462982764920266,0.0537017235079735,0.0
1256,0.8168500000000001,0.031733333333333336,0.15141666666666667
1259,0.11670952380952382,0.4847555886243386,0.39853488756613764
1260,0.6094684523809524,0.39053154761904757,0.0
1261,0.9995427083333333,0.0004572916666666666,0.0
1263,0.994,0.006,0.0
1267,0.216275,0.7220958333333334,0.061629166666666665
1268,0.9652757142857143,0.03412428571428572,0.0006000000000000001
1270,0.8212080499361746,0.17879195006382526,0.0
1272,0.4268654203027365,0.5115376170194186,0.061596962677845035
1273,0.9024,0.0976,0.0
1275,0.16449523809523808,0.3061446428571429,0.529360119047619
1276,0.7150723810406567,0.12486206946755526,0.16006554949178806
1277,0.38498333333333334,0.44235,0.1726666666666667
1278,0.5893253472222222,0.06630163690476189,0.3443730158730159
1279,0.261,0.636,0.103
1280,0.4544952160493827,0.3764611752445084,0.16904360870610866
1281,0.9804999999999999,0.0195,0.0
1285,0.9975986607142857,0.0024013392857142853,0.0
1286,0.6945833333333333,0.026279112554112555,0.2791375541125541
1287,0.6700646148989897,0.32993538510101,0.0
1288,1.0,0.0,0.0
1289,0.999625,0.000375,0.0
1290,1.0,0.0,0.0
1291,0.5250119047619047,0.44698809523809524,0.028
1292,0.87,0.13,0.0
1293,1.0,0.0,0.0
1294,0.26400481902356904,0.3278501563251563,0.4081450246512746
1297,0.8061750992063492,0.19382490079365075,0.0
1298,0.014,0.981,0.005
1300,0.3764351881914379,0.6144523118085616,0.0091125
1301,0.9998333333333335,0.00016666666666666666,0.0
1302,0.7978035653004402,0.20219643469955972,0.0
1303,0.6350805443013775,0.3565759371801039,0.008343518518518521
1304,0.9172783279220779,0.06507748015873017,0.01764419191919192
1305,0.07605357142857143,0.40470892406204917,0.5192375045093794
1306,0.976375,0.023625,0.0
1307,0.2517968750000001,0.2770093749999999,0.47119374999999997
1311,0.933,0.067,0.0
1313,0.24607729353979343,0.10952560633810622,0.6443971001220998
1315,0.8402001916803092,0.1597998083196904,0.0
1316,0.8347333333333333,0.1651416666666667,0.000125
1317,0.39157589886964894,0.239772080928331,0.3686520202020202
1319,0.03273095238095238,0.9443660714285715,0.022902976190476196
1322,0.010177777777777777,0.7789544672195016,0.21086775500272106
1323,0.4572149305555556,0.5427850694444445,0.0
1325,0.9989096700548906,0.001090329945109357,0.0
1326,0.20029772796647813,0.26865823412698414,0.5310440379065376
1327,0.43556341991341996,0.5527532467532469,0.011683333333333335
1328,1.0,0.0,0.0
1329,0.7068984262265511,0.2924578237734487,0.00064375
1330,0.042634126984126976,0.3781029581529582,0.5792629148629148
1331,0.24235912698412698,0.03847083333333333,0.7191700396825397
1332,0.566133597883598,0.16518809523809522,0.2686783068783069
1333,1.0,0.0,0.0
1334,0.2241757399140211,0.7604749793320105,0.015349280753968256
1335,0.2243759350943174,0.6958762494041906,0.07974781550149197
1336,1.0,0.0,0.0
1338,0.6213691716269841,0.15033553766835014,0.2282952907046657
1339,0.05917857142857143,0.16624424603174587,0.7745771825396824
1340,1.0,0.0,0.0
1344,0.21305929140304158,0.3579407085969583,0.429
